Result from CandC_train/test1.csv :
	MSE: 0.017956454132902627
	Parameters:
[ 0.15727541  0.05617066  0.20834221 -0.01932094  0.03837509  0.07945314
  0.12711059 -0.09369799 -0.21915092  0.17415198 -0.29249046  0.051967
 -0.18378309 -0.16446161  0.05750164 -0.10282215  0.09137072 -0.01801297
 -0.0580699   0.31672049 -0.02062842 -0.30409523 -0.02129082 -0.03559464
  0.02850432  0.05817738  0.04631524  0.21103606 -0.12410772 -0.12711192
  0.09489902  0.06666029  0.04031556  0.35024827 -0.05018703  0.00996885
  0.0779707   0.11381205  0.56324501  0.18115453  0.24036027 -0.68944956
 -0.13505732 -0.13450099 -0.21894439  0.01465566  0.05756915  0.05918515
 -0.2092732  -0.17387555  0.17461435 -0.2102445  -0.03392449  0.11263133
 -0.10669774  0.07485021  0.03761623 -0.39568626  0.81460991 -0.48360559
  0.03980533 -0.09180424 -0.00670139 -0.22353825  0.64331397 -0.05412545
 -0.24560326 -0.55490092  0.23882991  0.16450712  0.04814129  0.10931991
 -0.0689694   0.46608955  0.04832991 -0.07399119 -0.02934424  0.01582674
  0.00979426 -0.41378259  0.10662162  0.19473557 -0.27105676  0.09343291
 -0.11735089  0.38691651  0.05684754 -0.01752645 -0.09164575  0.18609297
  0.19193685  0.11998958  0.00319781 -0.00793506  0.03499481  0.01910569
  0.02591904 -0.01029904 -0.0457111   0.02903063]
Result from CandC_train/test2.csv :
	MSE: 0.018766924979192308
	Parameters:
[ 0.20906126 -0.01468719  0.23332146 -0.01930455 -0.01958594  0.07766528
  0.11231042 -0.07502441 -0.25226188  0.21788993 -0.37517454  0.05152752
 -0.20221103 -0.06207662  0.0457084  -0.15415991  0.06351399  0.04180736
 -0.06244749  0.29588189 -0.05463504 -0.26232362 -0.02151247 -0.03536142
  0.04443235  0.04866118  0.03192963  0.00139965 -0.17645673 -0.0951789
  0.01002115  0.10075709  0.0092506   0.2779096  -0.09337218 -0.00729823
  0.12144781  0.11630029  0.39435024  0.30989132  0.03397369 -0.33037663
 -0.31263011 -0.03117027 -0.22253977 -0.03089254 -0.02203109  0.04829983
 -0.20259852 -0.0238053   0.08667498 -0.07670148  0.01674968  0.08725625
 -0.1208389   0.03678223 -0.0641436  -0.3425541   0.68935625 -0.32902513
  0.03593052 -0.06762806  0.22546933 -0.43582106  0.70727112  0.05897245
 -0.16001317 -0.63225349  0.14908229  0.18354952  0.04515715  0.22755124
 -0.04320214  0.58563662  0.04867652 -0.07849569 -0.00310962  0.05693418
 -0.04024443 -0.46608031  0.41069129 -0.00629749 -0.31059756  0.02500393
 -0.11696546  0.41077539  0.06099475 -0.03687736 -0.0899817   0.1292373
  0.14088106  0.18323967  0.02140274  0.00367885  0.02545332  0.01889994
  0.02208126  0.0210145  -0.05431661  0.01021823]
Result from CandC_train/test3.csv :
	MSE: 0.019084229435376156
	Parameters:
[-3.36056825e-01 -5.41349447e-02  2.67152636e-01 -3.14222631e-03
  1.98968536e-02  5.67441090e-02  2.34273280e-01 -1.75934505e-01
 -2.53485933e-01  1.84420826e-01  2.57647929e-01  3.28484677e-02
 -1.44636540e-01 -1.51630212e-01  5.24878530e-02 -9.52295970e-02
  6.43196437e-02  5.74156330e-02 -8.53807603e-02  2.34613984e-01
  2.10594438e-01 -4.29386015e-01 -2.76994238e-02 -2.59431442e-02
  1.12933029e-02  4.25370046e-02  1.91466511e-02 -9.46630593e-02
 -1.28942986e-01 -1.50772419e-01  1.20214459e-01  2.03162716e-02
  1.91897655e-02  3.11511055e-01 -6.18332258e-02 -2.37260722e-02
  6.48560351e-02  1.29931244e-01  4.39178881e-01  2.98852731e-01
  2.15268908e-01 -5.53352126e-01 -2.36296749e-01  1.14331170e-01
 -2.49024160e-01 -3.51620840e-02 -2.76425902e-02  7.09981901e-02
 -1.93580033e-01 -6.44679169e-02  1.64216081e-01 -7.13737342e-02
  3.66140665e-02 -5.41287011e-03 -6.52344993e-02  5.93517466e-02
  5.95214320e-04 -1.40385270e-01  3.72957844e-01 -2.64338800e-01
  3.85174291e-02 -1.45117101e-01  1.57422617e-01 -3.23378229e-01
  7.16869671e-01 -8.90574140e-02 -1.98580832e-01 -4.42364594e-01
  2.65427350e-01  1.26161927e-01  4.33430583e-02  1.85898817e-01
 -3.77622531e-02  3.26818754e-01  6.10660394e-02 -5.02542536e-02
 -2.16964026e-03  3.64053320e-02 -1.79724693e-02 -3.80424240e-01
  3.71010898e-01 -8.28941899e-02 -2.56130144e-01 -7.55440107e-02
 -2.55306998e-02  4.02941351e-01  5.02228230e-02 -4.06810954e-02
 -1.00401295e-01  1.61314835e-01  1.63918116e-01  1.87376026e-01
  2.38432880e-02 -3.39007896e-02  5.75698175e-02 -8.49863401e-03
  1.03022901e-01  1.28754651e-04 -4.33688355e-02  1.94512259e-02]
Result from CandC_train/test4.csv :
	MSE: 0.019282209263470854
	Parameters:
[-3.53430288e-03 -4.93811405e-02  2.46851722e-01 -2.43641696e-02
  2.68699524e-02  1.65789255e-01  9.53679898e-02 -1.98072276e-01
 -5.38962379e-02  4.34562383e-03 -1.49688221e-01  3.96758481e-02
 -1.00665242e-01 -1.50664800e-01  3.89456354e-02 -1.47708266e-01
  2.38159543e-01  5.02290221e-03 -7.71377341e-02  1.61004483e-01
  4.59020491e-02 -2.44554595e-01 -1.75634730e-02 -4.32864794e-02
  1.88479043e-02  2.94838229e-02  2.95838987e-02  1.05733054e-01
 -1.62475373e-01 -8.24532493e-02  5.34859245e-02  1.80708717e-01
 -4.71082605e-02  2.34869874e-01 -5.95264740e-02  6.19209073e-03
  6.97783974e-02 -1.28305616e-03  5.86839098e-01  2.00366998e-01
  2.89307021e-01 -6.90420808e-01 -1.70357701e-01  6.51162425e-02
 -2.81451182e-01 -3.48606338e-02  1.85699142e-02  2.80662057e-02
 -1.61157188e-01 -1.63906606e-01  1.07109172e-01 -1.40349356e-01
  5.74851758e-04  4.20320342e-03 -5.90385692e-02  7.46634904e-02
  2.48425446e-02 -2.95067056e-01  4.61152031e-01 -2.98734871e-01
  1.26969896e-01 -6.09644765e-02  1.00239127e-01 -2.68036566e-01
  4.64836523e-01  2.23006741e-01 -1.99615563e-01 -8.88712554e-01
  1.41296894e-01  1.58201025e-01  3.78452434e-02  1.89568060e-01
 -4.53243375e-02  7.67665504e-01  5.56811877e-02 -3.70620377e-02
 -1.60252379e-02  1.79475338e-02 -2.55613933e-02 -2.96029125e-01
  2.16254370e-01 -7.37742079e-03 -2.53405017e-01 -8.54685573e-02
 -5.81366879e-02  4.60992012e-01  4.46005203e-02 -3.16516240e-02
 -8.93648807e-02  1.91877667e-01  1.27304467e-01  2.54115080e-01
  4.18674641e-02 -3.41582088e-02  6.38180489e-02 -8.28076557e-03
  3.30822168e-02 -1.62533785e-02 -3.65642754e-02  4.31352488e-02]
Result from CandC_train/test5.csv :
	MSE: 0.02413394883262758
	Parameters:
[-1.87906415e-01  9.21443359e-02  1.63262816e-01 -3.55216620e-02
  1.09085484e-02  6.79554276e-02  1.18197212e-01 -1.18248892e-02
 -2.52150366e-01  1.48138388e-01  5.87343071e-02  3.76532799e-02
 -1.25641567e-01 -8.84711343e-02  6.02001831e-02 -1.42805882e-01
  1.64918610e-01  3.64945458e-02 -5.72875862e-02  2.34121425e-01
  2.01796077e-01 -3.75540387e-01 -2.16324028e-02 -1.52061292e-02
  1.65425175e-02  3.51906922e-02  6.27749669e-02  1.04018780e-01
 -1.72195780e-01 -1.08710742e-01  2.78926331e-02  6.51167633e-02
  2.17074570e-02  3.11081114e-01 -3.84089897e-02  5.58424604e-02
  6.77704848e-02  5.21271279e-02  4.13158878e-01  1.67457632e-01
  7.80514894e-02 -4.17240884e-01 -8.47609232e-02  9.31865067e-02
 -4.38440321e-01 -4.32332674e-02 -4.10609816e-03  4.05537664e-02
 -1.74345132e-01 -1.03940044e-01  1.18917798e-01 -1.70762759e-01
  1.47199324e-02  7.99096759e-02 -1.04554459e-01  5.47894105e-02
  4.30684415e-02 -4.14047096e-01  7.14925741e-01 -3.81967462e-01
  9.89618250e-02 -5.15750830e-02  1.03014261e-01 -2.97188403e-01
  3.40974421e-01  1.09487911e-01 -2.03531485e-01 -8.21640460e-01
  2.64641401e-01  1.25919536e-01  4.73260992e-02  1.31670840e-01
 -7.22779204e-02  7.36391001e-01  4.67805568e-02 -6.16455236e-02
  1.60290957e-02  2.69484135e-03 -7.25543651e-04 -1.70468012e-01
 -1.04038461e-02  1.04664847e-01 -2.42215107e-01  6.38298207e-02
 -1.02405794e-01  2.97756788e-01  6.27351230e-02 -3.79649192e-02
 -8.54371146e-02  2.04510708e-01  1.38540679e-01  1.74616941e-01
  1.84385964e-02  2.73617303e-02 -6.85390613e-03  3.26418006e-02
  2.90826411e-02 -8.23675916e-03 -4.54564588e-02  3.72294435e-02]